137,5
137,4
137,3
137,2
137,1
137,0
0,536
0,535
136,4
136,3
136,2
136,1
136,0
135,3
135,2
135,1
135,0
134,5
134,4
134,3
134,2
134,1
134,0
133,4
133,3
133,2
133,1
133,0
132,3
132,2
132,1
132,0
131,3
131,2
131,1
131,0
130,5
130,4
130,3
130,2
130,1
130,0
129,4
129,3
129,2
129,1
129,0
128,3
128,2
128,1
128,0
127,3
127,2
127,1
127,0
126,3
126,2
126,1
126,0
125,3
125,2
125,1
125,0
124,3
124,2
124,1
124,0
123,4
123,3
123,2
123,1
123,0
122,4
122,3
122,2
122,1
122,0
121,3
121,2
121,1
121,0
0,278
120,52
120,51
120,50
120,49
120,48
120,47
120,46
120,45
120,44
120,43
120,42
120,41
120,40
120,39
120,38
120,37
120,36
17,2
17,1
17,3
15,2
15,1
15,3
16,2
16,1
16,3
13,2
14,2
4,39
4,28
4,4
4,17
4,30
4,68
4,8
4,9
4,65
4,38
4,1
4,67
4,2
4,3
6,4
6,6
6,1
6,5
6,2
6,3
7,7
7,10
7,4
7,11
7,6
7,5
7,9
7,1
7,13
7,2
7,3
5,4
5,2
5,1
5,3
120,35
10,164
10,72
